# lon lat EPR_m_per_yr class(N=natural,R=reclamation)
26.5000 40.5997 -0.382 N
26.6024 40.6362 0.429 N
26.6932 40.6362 0.866 N
26.7741 40.6562 0.349 N
26.8319 40.5875 -0.527 N
26.7949 40.5579 0.009 N
26.7382 40.5587 0.621 N
26.9857 40.5546 0.698 N
27.0325 40.5954 1.374 N
27.1700 40.6254 0.475 N
27.2925 40.6954 0.435 N
27.3333 40.7637 -0.367 N
27.4537 40.8492 0.368 N
27.4688 40.9142 0.517 N
27.5158 40.9762 -0.002 N
27.7057 41.0021 -0.252 N
27.8333 40.9912 0.555 N
27.8750 40.9628 -0.336 N
27.9599 40.9628 0.782 N
28.0133 41.0328 -0.976 N
28.0765 41.0553 1.041 N
28.2258 41.0762 1.611 N
28.3991 41.0453 -0.808 N
28.5383 40.9821 -0.573 N
28.5695 41.0174 0.432 N
28.5303 41.0724 -0.138 N
28.5844 41.0433 -0.091 N
28.5953 41.0073 1.854 N
28.5929 40.9708 0.594 N
28.7700 40.9779 3.445 R
28.8283 40.9504 6.921 R
28.8692 40.9663 4.880 R
28.9358 40.9971 10.238 R
28.9870 41.0132 8.984 R
29.0320 41.0459 3.363 R
29.0479 41.0458 2.237 N
29.0054 41.0158 7.761 R
29.0191 40.9746 7.882 R
29.0933 40.9479 1.558 N
29.1400 40.8988 0.124 N
29.2834 40.8529 0.811 N
29.2650 40.8346 -0.083 N
29.2525 40.8013 0.056 N
29.3250 40.8162 0.141 N
29.3479 40.7549 2.256 N
29.4858 40.7779 2.476 N
29.5692 40.7646 4.366 R
29.6133 40.7804 2.466 N
29.7324 40.7704 0.490 N
29.7808 40.7387 1.066 N
29.9350 40.7596 3.031 R
29.9358 40.7179 1.188 N
29.8849 40.7129 3.636 R
29.8092 40.7304 3.677 R
29.5516 40.6870 0.442 N
29.5108 40.7429 2.681 N
29.4583 40.6954 1.074 N
29.3767 40.7037 2.937 N
29.3408 40.6746 1.161 N
29.2716 40.6587 0.690 N
29.1425 40.6612 0.053 N
28.9750 40.6404 0.435 N
28.9258 40.6004 0.398 N
28.7958 40.5554 -1.202 N
28.7771 40.5191 -0.153 N
28.8508 40.5055 -0.447 N
28.8959 40.4729 0.978 N
28.9725 40.4562 0.678 N
29.0275 40.4788 1.472 N
29.0808 40.4762 2.188 N
29.1488 40.4341 2.374 N
29.0891 40.4188 2.277 N
29.0542 40.3637 0.477 N
28.9850 40.3562 0.476 N
28.9225 40.3562 -0.514 N
28.8750 40.3829 -0.115 N
28.8075 40.3929 0.488 N
28.6516 40.3613 0.716 N
28.5108 40.3954 2.958 N
28.2625 40.4070 0.693 N
28.1684 40.3921 -0.245 N
27.9533 40.3504 4.453 N
27.8937 40.3850 0.668 N
28.0158 40.4471 -0.325 N
28.0317 40.4813 0.419 N
27.8675 40.5154 -0.063 N
27.7892 40.5171 0.476 N
27.7491 40.5279 0.677 N
27.6816 40.5020 0.246 N
27.7475 40.4479 1.371 N
27.7932 40.3812 0.872 N
27.8762 40.3750 2.353 N
27.7558 40.3062 1.602 N
27.6474 40.3113 0.304 N
27.5425 40.3012 0.556 N
27.4450 40.3187 0.491 N
27.3166 40.3754 1.002 N
27.3313 40.4092 0.959 N
27.2841 40.4737 0.330 N
27.1942 40.4337 -0.363 N
27.1434 40.4504 -0.232 N
27.0808 40.4429 0.078 N
27.0308 40.3912 -0.201 N
26.9807 40.3828 -1.047 N
27.5745 40.4617 0.590 N
27.6638 40.4459 -0.214 N
27.6483 40.4537 0.132 N
27.6480 40.4925 1.087 N
27.6183 40.5113 1.382 N
27.6046 40.4808 -0.074 N
27.5746 40.4625 0.452 N
27.5204 40.6275 0.269 N
27.6042 40.5737 0.177 N
27.7396 40.6316 -0.358 N
27.6325 40.6663 0.285 N
27.5608 40.6420 -0.001 N
27.5212 40.6283 0.207 N
27.4754 40.4908 1.393 N
27.5333 40.4862 0.396 N
27.5496 40.5216 1.496 N
27.4754 40.4933 1.047 N
28.5137 40.5191 0.388 N
28.5345 40.5458 0.456 N
28.5145 40.5624 0.078 N
28.5145 40.5200 0.290 N
29.0704 40.8658 0.606 N
29.0704 40.8666 0.654 N
29.1045 40.8550 1.239 N
29.1346 40.8691 1.047 N
27.4620 40.5391 0.726 N
27.4620 40.5400 1.621 N
27.5687 40.4950 -0.371 N
27.5687 40.4974 0.395 N
